xyz
0.75000	-0.21651	0.62500	0.00000
0.43301	0.87500	-0.21651	0.00000
-0.50000	0.43301	0.75000	0.00000
0.00000	0.00000	0.00000	1.00000


xzy
0.75000	-0.12500	0.64952	0.00000
0.50000	0.75000	-0.43301	0.00000
-0.43301	0.64952	0.62500	0.00000
0.00000	0.00000	0.00000	1.00000


yxz
0.62500	-0.43301	0.64952	0.00000
0.64952	0.75000	-0.12500	0.00000
-0.43301	0.50000	0.75000	0.00000
0.00000	0.00000	0.00000	1.00000


yzx
0.75000	-0.50000	0.43301	0.00000
0.62500	0.75000	-0.21651	0.00000
-0.21651	0.43301	0.87500	0.00000
0.00000	0.00000	0.00000	1.00000


zxy
0.87500	-0.21651	0.43301	0.00000
0.43301	0.75000	-0.50000	0.00000
-0.21651	0.62500	0.75000	0.00000
0.00000	0.00000	0.00000	1.00000


zyx
0.75000	-0.43301	0.50000	0.00000
0.64952	0.62500	-0.43301	0.00000
-0.12500	0.64952	0.75000	0.00000
0.00000	0.00000	0.00000	1.00000


